187 167
275 167
127 117
110 107
127 96
127 74
149 74
196 74
253 74
275 74
275 96
313 74
314 96
317 105
347 74
349 96
347 105
392 74
392 96
392 105
427 74
426 96
425 105
470 74
469 96
470 105
501 96
535 32
537 96
536 125
553 32
552 96
650 71
689 71
650 125
692 125
650 148
633 175
650 175
666 175
633 207
650 207
633 248
650 248
666 248
633 290
650 290
666 290
633 333
650 333
666 333
633 376
650 376
666 376
633 422
650 422
666 422
633 455
650 455
666 455
633 495
650 495
666 495
633 536
650 536
666 536
650 552
650 580
607 580